first data record: nbinsx delx xmin nbinsy dely ymin
listing 1: gridKey,xbin,ybin,numElements,list of elements
  followed by same format, list of distances
15 0.790255 -5.926910 15 0.844345 -6.332590
   0   0   0  0 
   0   0   0  0 
   1   1   0  0 
   1   1   0  0 
   2   2   0  0 
   2   2   0  0 
   3   3   0  1 344 
   3   3   0  1  0.86 
   4   4   0  3 344 340 356 
   4   4   0  3  0.44  0.70  0.85 
   5   5   0  4 356 340 336 352 
   5   5   0  4  0.09  0.50  0.57  0.67 
   6   6   0  6 352 332 348 336 356 328 
   6   6   0  6  0.14  0.47  0.49  0.61  0.73  0.90 
   7   7   0  7 348 346 328 332 330 352 350 
   7   7   0  7  0.31  0.31  0.43  0.75  0.75  0.92  0.92 
   8   8   0  6 350 330 346 334 354 328 
   8   8   0  6  0.14  0.47  0.49  0.61  0.73  0.90 
   9   9   0  4 354 338 334 350 
   9   9   0  4  0.09  0.50  0.57  0.67 
  10  10   0  3 342 338 354 
  10  10   0  3  0.44  0.70  0.85 
  11  11   0  1 342 
  11  11   0  1  0.86 
  12  12   0  0 
  12  12   0  0 
  13  13   0  0 
  13  13   0  0 
  14  14   0  0 
  14  14   0  0 
  15   0   1  0 
  15   0   1  0 
  16   1   1  1 302 
  16   1   1  1  0.85 
  17   2   1  3 326 302 298 
  17   2   1  3  0.66  0.67  0.72 
  18   3   1  5 326 322 294 298 344 
  18   3   1  5  0.18  0.46  0.65  0.76  0.85 
  19   4   1  8 318 322 344 290 340 286 314 294 
  19   4   1  8  0.27  0.36  0.41  0.63  0.69  0.84  0.86  0.90 
  20   5   1  9 314 340 336 318 310 286 282 356 344 
  20   5   1  9  0.12  0.48  0.55  0.55  0.67  0.67  0.73  0.91  0.93 
  21   6   1  9 310 332 306 336 278 314 282 328 352 
  21   6   1  9  0.16  0.45  0.50  0.59  0.66  0.74  0.76  0.89  0.92 
  22   7   1 10 306 304 328 274 332 330 278 276 310 308 
  22   7   1 10  0.32  0.32  0.41  0.63  0.73  0.73  0.88  0.88  0.92  0.92 
  23   8   1  9 308 330 304 334 276 312 280 328 350 
  23   8   1  9  0.16  0.45  0.50  0.59  0.66  0.74  0.76  0.89  0.92 
  24   9   1  9 312 338 334 316 308 284 280 354 342 
  24   9   1  9  0.12  0.48  0.55  0.55  0.67  0.67  0.73  0.91  0.93 
  25  10   1  8 316 320 342 288 338 284 312 292 
  25  10   1  8  0.27  0.36  0.41  0.63  0.69  0.84  0.86  0.90 
  26  11   1  5 324 320 292 296 342 
  26  11   1  5  0.18  0.46  0.65  0.76  0.85 
  27  12   1  3 324 300 296 
  27  12   1  3  0.66  0.67  0.72 
  28  13   1  1 300 
  28  13   1  1  0.85 
  29  14   1  0 
  29  14   1  0 
  30   0   2  0 
  30   0   2  0 
  31   1   2  4 272 302 240 268 
  31   1   2  4  0.43  0.61  0.87  0.91 
  32   2   2  6 302 268 298 272 264 236 
  32   2   2  6  0.30  0.33  0.42  0.60  0.72  0.89 
  33   3   2  9 294 264 298 260 326 290 268 322 228 
  33   3   2  9  0.26  0.35  0.48  0.55  0.75  0.77  0.79  0.86  0.88 
  34   4   2  9 290 256 260 286 294 318 322 224 252 
  34   4   2  9  0.22  0.41  0.47  0.59  0.68  0.78  0.82  0.87  0.91 
  35   5   2  9 286 252 282 256 248 314 290 220 318 
  35   5   2  9  0.32  0.33  0.42  0.63  0.74  0.74  0.87  0.90  0.92 
  36   6   2  9 278 248 282 244 310 252 274 212 306 
  36   6   2  9  0.28  0.34  0.48  0.58  0.75  0.80  0.82  0.88  0.88 
  37   7   2  8 274 244 242 278 276 306 304 208 
  37   7   2  8  0.21  0.44  0.44  0.65  0.65  0.80  0.80  0.87 
  38   8   2  9 276 246 280 242 308 250 274 210 304 
  38   8   2  9  0.28  0.34  0.48  0.58  0.75  0.80  0.82  0.88  0.88 
  39   9   2  9 284 250 280 254 246 312 288 218 316 
  39   9   2  9  0.32  0.33  0.42  0.63  0.74  0.74  0.87  0.90  0.92 
  40  10   2  9 288 254 258 284 292 316 320 222 250 
  40  10   2  9  0.22  0.41  0.47  0.59  0.68  0.78  0.82  0.87  0.91 
  41  11   2  9 292 262 296 258 324 288 266 320 226 
  41  11   2  9  0.26  0.35  0.48  0.55  0.75  0.77  0.79  0.86  0.88 
  42  12   2  6 300 266 296 270 262 234 
  42  12   2  6  0.30  0.33  0.42  0.60  0.72  0.89 
  43  13   2  4 270 300 238 266 
  43  13   2  4  0.43  0.61  0.87  0.91 
  44  14   2  0 
  44  14   2  0 
  45   0   3  2 206 240 
  45   0   3  2  0.77  0.80 
  46   1   3  5 240 236 272 206 202 
  46   1   3  5  0.02  0.57  0.60  0.64  0.64 
  47   2   3  9 236 232 268 198 272 202 240 264 194 
  47   2   3  9  0.22  0.35  0.53  0.58  0.72  0.77  0.78  0.83  0.86 
  48   3   3  9 228 232 264 194 260 190 224 268 198 
  48   3   3  9  0.15  0.44  0.54  0.59  0.69  0.72  0.74  0.89  0.93 
  49   4   3  7 224 220 256 186 260 228 190 
  49   4   3  7  0.06  0.55  0.58  0.62  0.63  0.64  0.67 
  50   5   3  9 220 216 252 182 256 186 224 248 178 
  50   5   3  9  0.24  0.36  0.53  0.58  0.75  0.79  0.84  0.85  0.88 
  51   6   3  9 212 216 248 178 244 174 208 252 182 
  51   6   3  9  0.18  0.43  0.54  0.59  0.71  0.75  0.79  0.90  0.93 
  52   7   3  7 208 244 242 212 210 174 172 
  52   7   3  7  0.02  0.61  0.61  0.61  0.61  0.65  0.65 
  53   8   3  9 210 214 246 176 242 172 208 250 180 
  53   8   3  9  0.18  0.43  0.54  0.59  0.71  0.75  0.79  0.90  0.93 
  54   9   3  9 218 214 250 180 254 184 222 246 176 
  54   9   3  9  0.24  0.36  0.53  0.58  0.75  0.79  0.84  0.85  0.88 
  55  10   3  7 222 218 254 184 258 226 188 
  55  10   3  7  0.06  0.55  0.58  0.62  0.63  0.64  0.67 
  56  11   3  9 226 230 262 192 258 188 222 266 196 
  56  11   3  9  0.15  0.44  0.54  0.59  0.69  0.72  0.74  0.89  0.93 
  57  12   3  9 234 230 266 196 270 200 238 262 192 
  57  12   3  9  0.22  0.35  0.53  0.58  0.72  0.77  0.78  0.83  0.86 
  58  13   3  5 238 234 270 204 200 
  58  13   3  5  0.02  0.57  0.60  0.64  0.64 
  59  14   3  2 204 238 
  59  14   3  2  0.77  0.80 
  60   0   4  3 206 170 136 
  60   0   4  3  0.58  0.84  0.85 
  61   1   4  8 170 206 202 166 240 198 128 132 
  61   1   4  8  0.29  0.39  0.39  0.63  0.82  0.89  0.90  0.90 
  62   2   4  9 198 166 162 202 194 170 236 124 232 
  62   2   4  9  0.28  0.37  0.45  0.58  0.70  0.84  0.85  0.85  0.90 
  63   3   4  9 194 158 190 162 198 154 228 120 232 
  63   3   4  9  0.31  0.32  0.52  0.53  0.78  0.79  0.84  0.86  0.93 
  64   4   4  9 154 186 190 150 158 224 112 182 116 
  64   4   4  9  0.29  0.37  0.44  0.62  0.71  0.82  0.89  0.89  0.92 
  65   5   4  9 182 150 146 186 178 108 220 154 216 
  65   5   4  9  0.28  0.38  0.46  0.61  0.72  0.85  0.86  0.89  0.90 
  66   6   4  9 178 142 146 174 182 138 212 104 216 
  66   6   4  9  0.30  0.34  0.52  0.56  0.78  0.84  0.84  0.86  0.93 
  67   7   4  8 138 174 172 142 140 208 100  98 
  67   7   4  8  0.29  0.41  0.41  0.67  0.67  0.82  0.90  0.90 
  68   8   4  9 176 140 144 172 180 138 210 102 214 
  68   8   4  9  0.30  0.34  0.52  0.56  0.78  0.84  0.84  0.86  0.93 
  69   9   4  9 180 148 144 184 176 106 218 152 214 
  69   9   4  9  0.28  0.38  0.46  0.61  0.72  0.85  0.86  0.89  0.90 
  70  10   4  9 152 184 188 148 156 222 110 180 114 
  70  10   4  9  0.29  0.37  0.44  0.62  0.71  0.82  0.89  0.89  0.92 
  71  11   4  9 192 156 188 160 196 152 226 118 230 
  71  11   4  9  0.31  0.32  0.52  0.53  0.78  0.79  0.84  0.86  0.93 
  72  12   4  9 196 164 160 200 192 168 234 122 230 
  72  12   4  9  0.28  0.37  0.45  0.58  0.70  0.84  0.85  0.85  0.90 
  73  13   4  8 168 204 200 164 238 196 126 130 
  73  13   4  8  0.29  0.39  0.39  0.63  0.82  0.89  0.90  0.90 
  74  14   4  3 204 168 134 
  74  14   4  3  0.58  0.84  0.85 
  75   0   5  3 136 132  96 
  75   0   5  3  0.04  0.51  0.62 
  76   1   5  9 128 132 170  92 166  96  88 136 124 
  76   1   5  9  0.28  0.28  0.56  0.57  0.79  0.80  0.80  0.83  0.85 
  77   2   5  7 124 128 166  88 120 162  84 
  77   2   5  7  0.06  0.51  0.60  0.62  0.64  0.66  0.67 
  78   3   5  8 120 116 158  80 162  84 124 154 
  78   3   5  8  0.15  0.44  0.58  0.59  0.71  0.72  0.73  0.92 
  79   4   5  9 112 116 154  76 150  72 108 158  80 
  79   4   5  9  0.25  0.35  0.56  0.58  0.78  0.79  0.85  0.85  0.86 
  80   5   5  7 108 112 150  72 146 104  68 
  80   5   5  7  0.06  0.54  0.61  0.62  0.66  0.67  0.68 
  81   6   5  7 104 100 142  64 146  68 108 
  81   6   5  7  0.12  0.49  0.59  0.60  0.70  0.72  0.73 
  82   7   5 10 100  98 138  60 142 140  64  62 104 102 
  82   7   5 10  0.31  0.31  0.56  0.57  0.83  0.83  0.84  0.84  0.91  0.91 
  83   8   5  7 102  98 140  62 144  66 106 
  83   8   5  7  0.12  0.49  0.59  0.60  0.70  0.72  0.73 
  84   9   5  7 106 110 148  70 144 102  66 
  84   9   5  7  0.06  0.54  0.61  0.62  0.66  0.67  0.68 
  85  10   5  9 110 114 152  74 148  70 106 156  78 
  85  10   5  9  0.25  0.35  0.56  0.58  0.78  0.79  0.85  0.85  0.86 
  86  11   5  8 118 114 156  78 160  82 122 152 
  86  11   5  8  0.15  0.44  0.58  0.59  0.71  0.72  0.73  0.92 
  87  12   5  7 122 126 164  86 118 160  82 
  87  12   5  7  0.06  0.51  0.60  0.62  0.64  0.66  0.67 
  88  13   5  9 126 130 168  90 164  94  86 134 122 
  88  13   5  9  0.28  0.28  0.56  0.57  0.79  0.80  0.80  0.83  0.85 
  89  14   5  3 134 130  94 
  89  14   5  3  0.04  0.51  0.62 
  90   0   6  6  58  96  54  92 136  19 
  90   0   6  6  0.30  0.36  0.59  0.83  0.84  0.90 
  91   1   6 10  92  50  54  96  88  17  58 128 132  46 
  91   1   6 10  0.27  0.41  0.41  0.62  0.62  0.87  0.88  0.88  0.88  0.90 
  92   2   6  8  46  88  84  50  42  92 124  15 
  92   2   6  8  0.30  0.35  0.44  0.59  0.71  0.84  0.84  0.90 
  93   3   6  8  80  42  84  38  76  46 120  11 
  93   3   6  8  0.31  0.33  0.52  0.53  0.79  0.79  0.85  0.88 
  94   4   6  9  76  34  38  72  80   9 112  30 116 
  94   4   6  9  0.28  0.39  0.46  0.61  0.70  0.87  0.87  0.90  0.91 
  95   5   6  8  30  72  68  34  26 108  76   7 
  95   5   6  8  0.31  0.36  0.45  0.62  0.73  0.84  0.88  0.90 
  96   6   6  8  26  64  68  22  30  60 104   3 
  96   6   6  8  0.32  0.33  0.51  0.57  0.79  0.84  0.85  0.89 
  97   7   6  8  60  22  20  64  62   1 100  98 
  97   7   6  8  0.27  0.43  0.43  0.67  0.67  0.87  0.89  0.89 
  98   8   6  8  24  62  66  20  28  60 102   2 
  98   8   6  8  0.32  0.33  0.51  0.57  0.79  0.84  0.85  0.89 
  99   9   6  8  28  70  66  32  24 106  74   6 
  99   9   6  8  0.31  0.36  0.45  0.62  0.73  0.84  0.88  0.90 
 100  10   6  9  74  32  36  70  78   8 110  28 114 
 100  10   6  9  0.28  0.39  0.46  0.61  0.70  0.87  0.87  0.90  0.91 
 101  11   6  8  78  40  82  36  74  44 118  10 
 101  11   6  8  0.31  0.33  0.52  0.53  0.79  0.79  0.85  0.88 
 102  12   6  8  44  86  82  48  40  90 122  14 
 102  12   6  8  0.30  0.35  0.44  0.59  0.71  0.84  0.84  0.90 
 103  13   6 10  90  48  52  94  86  16  56 126 130  44 
 103  13   6 10  0.27  0.41  0.41  0.62  0.62  0.87  0.88  0.88  0.88  0.90 
 104  14   6  6  56  94  52  90 134  18 
 104  14   6  6  0.30  0.36  0.59  0.83  0.84  0.90 
 105   0   7  6  19  59  58  55  54  17 
 105   0   7  6  0.23  0.55  0.55  0.74  0.74  0.79 
 106   1   7  7  17  19  15  51  50  55  54 
 106   1   7  7  0.03  0.56  0.56  0.61  0.61  0.61  0.61 
 107   2   7  9  15  13  47  46  51  50  17  43  42 
 107   2   7  9  0.23  0.35  0.55  0.55  0.75  0.75  0.80  0.84  0.84 
 108   3   7  9  11  13  43  42  39  38   9  47  46 
 108   3   7  9  0.15  0.44  0.57  0.57  0.70  0.70  0.74  0.91  0.91 
 109   4   7  7   9   7  35  34  11  39  38 
 109   4   7  7  0.06  0.55  0.60  0.60  0.65  0.65  0.65 
 110   5   7  9   7   5  31  30  35  34   9  27  26 
 110   5   7  9  0.24  0.36  0.55  0.55  0.77  0.77  0.84  0.86  0.86 
 111   6   7  9   3   5  27  26  23  22   1  31  30 
 111   6   7  9  0.18  0.43  0.56  0.56  0.73  0.73  0.79  0.91  0.91 
 112   7   7  7   1   3   2  23  22  21  20 
 112   7   7  7  0.03  0.61  0.61  0.62  0.62  0.62  0.62 
 113   8   7  9   2   4  25  24  21  20   1  29  28 
 113   8   7  9  0.18  0.43  0.56  0.56  0.73  0.73  0.79  0.91  0.91 
 114   9   7  9   6   4  29  28  33  32   8  25  24 
 114   9   7  9  0.24  0.36  0.55  0.55  0.77  0.77  0.84  0.86  0.86 
 115  10   7  7   8   6  33  32  10  37  36 
 115  10   7  7  0.06  0.55  0.60  0.60  0.65  0.65  0.65 
 116  11   7  9  10  12  41  40  37  36   8  45  44 
 116  11   7  9  0.15  0.44  0.57  0.57  0.70  0.70  0.74  0.91  0.91 
 117  12   7  9  14  12  45  44  49  48  16  41  40 
 117  12   7  9  0.23  0.35  0.55  0.55  0.75  0.75  0.80  0.84  0.84 
 118  13   7  7  16  18  14  49  48  53  52 
 118  13   7  7  0.03  0.56  0.56  0.61  0.61  0.61  0.61 
 119  14   7  6  18  57  56  53  52  16 
 119  14   7  6  0.23  0.55  0.55  0.74  0.74  0.79 
 120   0   8  6  59  97  55  93 137  19 
 120   0   8  6  0.30  0.36  0.59  0.83  0.84  0.85 
 121   1   8 10  93  51  55  97  89  17  59 129 133  47 
 121   1   8 10  0.27  0.41  0.41  0.62  0.62  0.82  0.88  0.88  0.88  0.90 
 122   2   8  9  47  89  85  51  43  93 125  15  13 
 122   2   8  9  0.30  0.35  0.44  0.59  0.71  0.84  0.84  0.85  0.89 
 123   3   8  9  81  43  85  39  77  47  11 121  13 
 123   3   8  9  0.31  0.33  0.52  0.53  0.79  0.79  0.83  0.85  0.93 
 124   4   8  9  77  35  39  73  81   9 113  31 117 
 124   4   8  9  0.28  0.39  0.46  0.61  0.70  0.82  0.87  0.90  0.91 
 125   5   8  9  31  73  69  35  27 109   7  77   5 
 125   5   8  9  0.31  0.36  0.45  0.62  0.73  0.84  0.85  0.88  0.90 
 126   6   8  9  27  65  69  23  31  61   3 105   5 
 126   6   8  9  0.32  0.33  0.51  0.57  0.79  0.84  0.84  0.85  0.92 
 127   7   8  8  61  23  21  65  63   1 101  99 
 127   7   8  8  0.27  0.43  0.43  0.67  0.67  0.82  0.89  0.89 
 128   8   8  9  25  63  67  21  29  61   2 103   4 
 128   8   8  9  0.32  0.33  0.51  0.57  0.79  0.84  0.84  0.85  0.92 
 129   9   8  9  29  71  67  33  25 107   6  75   4 
 129   9   8  9  0.31  0.36  0.45  0.62  0.73  0.84  0.85  0.88  0.90 
 130  10   8  9  75  33  37  71  79   8 111  29 115 
 130  10   8  9  0.28  0.39  0.46  0.61  0.70  0.82  0.87  0.90  0.91 
 131  11   8  9  79  41  83  37  75  45  10 119  12 
 131  11   8  9  0.31  0.33  0.52  0.53  0.79  0.79  0.83  0.85  0.93 
 132  12   8  9  45  87  83  49  41  91 123  14  12 
 132  12   8  9  0.30  0.35  0.44  0.59  0.71  0.84  0.84  0.85  0.89 
 133  13   8 10  91  49  53  95  87  16  57 127 131  45 
 133  13   8 10  0.27  0.41  0.41  0.62  0.62  0.82  0.88  0.88  0.88  0.90 
 134  14   8  6  57  95  53  91 135  18 
 134  14   8  6  0.30  0.36  0.59  0.83  0.84  0.85 
 135   0   9  3 137 133  97 
 135   0   9  3  0.04  0.51  0.62 
 136   1   9  9 129 133 171  93 167  97  89 137 125 
 136   1   9  9  0.28  0.28  0.56  0.57  0.79  0.80  0.80  0.83  0.85 
 137   2   9  7 125 129 167  89 121 163  85 
 137   2   9  7  0.06  0.51  0.60  0.62  0.64  0.66  0.67 
 138   3   9  8 121 117 159  81 163  85 125 155 
 138   3   9  8  0.15  0.44  0.58  0.59  0.71  0.72  0.73  0.92 
 139   4   9  9 113 117 155  77 151  73 109 159  81 
 139   4   9  9  0.25  0.35  0.56  0.58  0.78  0.79  0.85  0.85  0.86 
 140   5   9  7 109 113 151  73 147 105  69 
 140   5   9  7  0.06  0.54  0.61  0.62  0.66  0.67  0.68 
 141   6   9  7 105 101 143  65 147  69 109 
 141   6   9  7  0.12  0.49  0.59  0.60  0.70  0.72  0.73 
 142   7   9 10 101  99 139  61 143 141  65  63 105 103 
 142   7   9 10  0.31  0.31  0.56  0.57  0.83  0.83  0.84  0.84  0.91  0.91 
 143   8   9  7 103  99 141  63 145  67 107 
 143   8   9  7  0.12  0.49  0.59  0.60  0.70  0.72  0.73 
 144   9   9  7 107 111 149  71 145 103  67 
 144   9   9  7  0.06  0.54  0.61  0.62  0.66  0.67  0.68 
 145  10   9  9 111 115 153  75 149  71 107 157  79 
 145  10   9  9  0.25  0.35  0.56  0.58  0.78  0.79  0.85  0.85  0.86 
 146  11   9  8 119 115 157  79 161  83 123 153 
 146  11   9  8  0.15  0.44  0.58  0.59  0.71  0.72  0.73  0.92 
 147  12   9  7 123 127 165  87 119 161  83 
 147  12   9  7  0.06  0.51  0.60  0.62  0.64  0.66  0.67 
 148  13   9  9 127 131 169  91 165  95  87 135 123 
 148  13   9  9  0.28  0.28  0.56  0.57  0.79  0.80  0.80  0.83  0.85 
 149  14   9  3 135 131  95 
 149  14   9  3  0.04  0.51  0.62 
 150   0  10  3 207 171 137 
 150   0  10  3  0.58  0.84  0.85 
 151   1  10  8 171 207 203 167 241 199 129 133 
 151   1  10  8  0.29  0.39  0.39  0.63  0.82  0.89  0.90  0.90 
 152   2  10  9 199 167 163 203 195 171 237 125 233 
 152   2  10  9  0.28  0.37  0.45  0.58  0.70  0.84  0.85  0.85  0.90 
 153   3  10  9 195 159 191 163 199 155 229 121 233 
 153   3  10  9  0.31  0.32  0.52  0.53  0.78  0.79  0.84  0.86  0.93 
 154   4  10  9 155 187 191 151 159 225 113 183 117 
 154   4  10  9  0.29  0.37  0.44  0.62  0.71  0.82  0.89  0.89  0.92 
 155   5  10  9 183 151 147 187 179 109 221 155 217 
 155   5  10  9  0.28  0.38  0.46  0.61  0.72  0.85  0.86  0.89  0.90 
 156   6  10  9 179 143 147 175 183 139 213 105 217 
 156   6  10  9  0.30  0.34  0.52  0.56  0.78  0.84  0.84  0.86  0.93 
 157   7  10  8 139 175 173 143 141 209 101  99 
 157   7  10  8  0.29  0.41  0.41  0.67  0.67  0.82  0.90  0.90 
 158   8  10  9 177 141 145 173 181 139 211 103 215 
 158   8  10  9  0.30  0.34  0.52  0.56  0.78  0.84  0.84  0.86  0.93 
 159   9  10  9 181 149 145 185 177 107 219 153 215 
 159   9  10  9  0.28  0.38  0.46  0.61  0.72  0.85  0.86  0.89  0.90 
 160  10  10  9 153 185 189 149 157 223 111 181 115 
 160  10  10  9  0.29  0.37  0.44  0.62  0.71  0.82  0.89  0.89  0.92 
 161  11  10  9 193 157 189 161 197 153 227 119 231 
 161  11  10  9  0.31  0.32  0.52  0.53  0.78  0.79  0.84  0.86  0.93 
 162  12  10  9 197 165 161 201 193 169 235 123 231 
 162  12  10  9  0.28  0.37  0.45  0.58  0.70  0.84  0.85  0.85  0.90 
 163  13  10  8 169 205 201 165 239 197 127 131 
 163  13  10  8  0.29  0.39  0.39  0.63  0.82  0.89  0.90  0.90 
 164  14  10  3 205 169 135 
 164  14  10  3  0.58  0.84  0.85 
 165   0  11  2 207 241 
 165   0  11  2  0.77  0.80 
 166   1  11  5 241 237 273 207 203 
 166   1  11  5  0.02  0.57  0.60  0.64  0.64 
 167   2  11  9 237 233 269 199 273 203 241 265 195 
 167   2  11  9  0.22  0.35  0.53  0.58  0.72  0.77  0.78  0.83  0.86 
 168   3  11  9 229 233 265 195 261 191 225 269 199 
 168   3  11  9  0.15  0.44  0.54  0.59  0.69  0.72  0.74  0.89  0.93 
 169   4  11  7 225 221 257 187 261 229 191 
 169   4  11  7  0.06  0.55  0.58  0.62  0.63  0.64  0.67 
 170   5  11  9 221 217 253 183 257 187 225 249 179 
 170   5  11  9  0.24  0.36  0.53  0.58  0.75  0.79  0.84  0.85  0.88 
 171   6  11  9 213 217 249 179 245 175 209 253 183 
 171   6  11  9  0.18  0.43  0.54  0.59  0.71  0.75  0.79  0.90  0.93 
 172   7  11  7 209 245 243 213 211 175 173 
 172   7  11  7  0.02  0.61  0.61  0.61  0.61  0.65  0.65 
 173   8  11  9 211 215 247 177 243 173 209 251 181 
 173   8  11  9  0.18  0.43  0.54  0.59  0.71  0.75  0.79  0.90  0.93 
 174   9  11  9 219 215 251 181 255 185 223 247 177 
 174   9  11  9  0.24  0.36  0.53  0.58  0.75  0.79  0.84  0.85  0.88 
 175  10  11  7 223 219 255 185 259 227 189 
 175  10  11  7  0.06  0.55  0.58  0.62  0.63  0.64  0.67 
 176  11  11  9 227 231 263 193 259 189 223 267 197 
 176  11  11  9  0.15  0.44  0.54  0.59  0.69  0.72  0.74  0.89  0.93 
 177  12  11  9 235 231 267 197 271 201 239 263 193 
 177  12  11  9  0.22  0.35  0.53  0.58  0.72  0.77  0.78  0.83  0.86 
 178  13  11  5 239 235 271 205 201 
 178  13  11  5  0.02  0.57  0.60  0.64  0.64 
 179  14  11  2 205 239 
 179  14  11  2  0.77  0.80 
 180   0  12  0 
 180   0  12  0 
 181   1  12  4 273 303 241 269 
 181   1  12  4  0.43  0.61  0.87  0.91 
 182   2  12  6 303 269 299 273 265 237 
 182   2  12  6  0.30  0.33  0.42  0.60  0.72  0.89 
 183   3  12  9 295 265 299 261 327 291 269 323 229 
 183   3  12  9  0.26  0.35  0.48  0.55  0.75  0.77  0.79  0.86  0.88 
 184   4  12  9 291 257 261 287 295 319 323 225 253 
 184   4  12  9  0.22  0.41  0.47  0.59  0.68  0.78  0.82  0.87  0.91 
 185   5  12  9 287 253 283 257 249 315 291 221 319 
 185   5  12  9  0.32  0.33  0.42  0.63  0.74  0.74  0.87  0.90  0.92 
 186   6  12  9 279 249 283 245 311 253 275 213 307 
 186   6  12  9  0.28  0.34  0.48  0.58  0.75  0.80  0.82  0.88  0.88 
 187   7  12  8 275 245 243 279 277 307 305 209 
 187   7  12  8  0.21  0.44  0.44  0.65  0.65  0.80  0.80  0.87 
 188   8  12  9 277 247 281 243 309 251 275 211 305 
 188   8  12  9  0.28  0.34  0.48  0.58  0.75  0.80  0.82  0.88  0.88 
 189   9  12  9 285 251 281 255 247 313 289 219 317 
 189   9  12  9  0.32  0.33  0.42  0.63  0.74  0.74  0.87  0.90  0.92 
 190  10  12  9 289 255 259 285 293 317 321 223 251 
 190  10  12  9  0.22  0.41  0.47  0.59  0.68  0.78  0.82  0.87  0.91 
 191  11  12  9 293 263 297 259 325 289 267 321 227 
 191  11  12  9  0.26  0.35  0.48  0.55  0.75  0.77  0.79  0.86  0.88 
 192  12  12  6 301 267 297 271 263 235 
 192  12  12  6  0.30  0.33  0.42  0.60  0.72  0.89 
 193  13  12  4 271 301 239 267 
 193  13  12  4  0.43  0.61  0.87  0.91 
 194  14  12  0 
 194  14  12  0 
 195   0  13  0 
 195   0  13  0 
 196   1  13  1 303 
 196   1  13  1  0.85 
 197   2  13  3 327 303 299 
 197   2  13  3  0.66  0.67  0.72 
 198   3  13  5 327 323 295 299 345 
 198   3  13  5  0.18  0.46  0.65  0.76  0.85 
 199   4  13  8 319 323 345 291 341 287 315 295 
 199   4  13  8  0.27  0.36  0.41  0.63  0.69  0.84  0.86  0.90 
 200   5  13  9 315 341 337 319 311 287 283 357 345 
 200   5  13  9  0.12  0.48  0.55  0.55  0.67  0.67  0.73  0.91  0.93 
 201   6  13  9 311 333 307 337 279 315 283 329 353 
 201   6  13  9  0.16  0.45  0.50  0.59  0.66  0.74  0.76  0.89  0.92 
 202   7  13 10 307 305 329 275 333 331 279 277 311 309 
 202   7  13 10  0.32  0.32  0.41  0.63  0.73  0.73  0.88  0.88  0.92  0.92 
 203   8  13  9 309 331 305 335 277 313 281 329 351 
 203   8  13  9  0.16  0.45  0.50  0.59  0.66  0.74  0.76  0.89  0.92 
 204   9  13  9 313 339 335 317 309 285 281 355 343 
 204   9  13  9  0.12  0.48  0.55  0.55  0.67  0.67  0.73  0.91  0.93 
 205  10  13  8 317 321 343 289 339 285 313 293 
 205  10  13  8  0.27  0.36  0.41  0.63  0.69  0.84  0.86  0.90 
 206  11  13  5 325 321 293 297 343 
 206  11  13  5  0.18  0.46  0.65  0.76  0.85 
 207  12  13  3 325 301 297 
 207  12  13  3  0.66  0.67  0.72 
 208  13  13  1 301 
 208  13  13  1  0.85 
 209  14  13  0 
 209  14  13  0 
 210   0  14  0 
 210   0  14  0 
 211   1  14  0 
 211   1  14  0 
 212   2  14  0 
 212   2  14  0 
 213   3  14  1 345 
 213   3  14  1  0.86 
 214   4  14  3 345 341 357 
 214   4  14  3  0.44  0.70  0.85 
 215   5  14  4 357 341 337 353 
 215   5  14  4  0.09  0.50  0.57  0.67 
 216   6  14  6 353 333 349 337 357 329 
 216   6  14  6  0.14  0.47  0.49  0.61  0.73  0.90 
 217   7  14  7 349 347 329 333 331 353 351 
 217   7  14  7  0.31  0.31  0.43  0.75  0.75  0.92  0.92 
 218   8  14  6 351 331 347 335 355 329 
 218   8  14  6  0.14  0.47  0.49  0.61  0.73  0.90 
 219   9  14  4 355 339 335 351 
 219   9  14  4  0.09  0.50  0.57  0.67 
 220  10  14  3 343 339 355 
 220  10  14  3  0.44  0.70  0.85 
 221  11  14  1 343 
 221  11  14  1  0.86 
 222  12  14  0 
 222  12  14  0 
 223  13  14  0 
 223  13  14  0 
 224  14  14  0 
 224  14  14  0 
